30 20
90 90 90 90 90 90 90 90 90 90 90 90 90 90 90 90 90 90 90 90 90 90 90 90 90 90 90 90 90 90
90 90 90 90 90 90 90 90 90 90 90 90 90 90 90 90 90 90 90 90 90 90 90 90 90 90 90 90 90 90
90 90 90 90 90 90 90 90 90 90 90 90 90 90 90 90 90 90 90 90 90 90 90 90 90 90 90 90 90 90
90 90 90 90 90 90 90 90 90 90 90 90 90 90 90 90 90 90 90 90 90 90 90 90 90 90 90 90 90 90
90 90 90 90 90 90 90 90 90 90 90 90 90 90 90 90 90 90 90 90 90 90 90 90 90 90 90 90 90 90
90 90 90 90 90 90 90 90 90 90 90 90 90 90 90 90 90 90 90 90 90 90 90 90 90 90 90 90 90 90
90 90 90 90 90 90 110 106 106 106 106 106 106 106 106 106 106 106 106 106 106 109 90 90 90 90 90 90 90 90
90 90 90 90 90 90 104 102 111 102 102 102 102 102 102 102 102 102 102 102 102 103 90 90 90 90 90 90 90 90
90 90 90 90 90 90 104 102 111 102 102 102 102 102 102 102 102 102 102 102 102 103 90 90 90 90 90 90 90 90
90 90 90 90 90 90 104 102 111 102 102 102 102 102 102 102 102 102 102 102 102 103 90 90 90 90 90 90 90 90
90 90 90 90 90 90 104 102 102 102 102 102 102 102 102 102 102 102 102 102 102 103 90 90 90 90 90 90 90 90
90 90 90 90 90 90 104 102 102 102 102 102 102 102 102 102 102 102 102 102 102 103 90 90 90 90 90 90 90 90
90 90 90 90 90 90 104 102 102 102 102 102 102 102 102 102 102 102 102 102 102 103 90 90 90 90 90 90 90 90
90 90 90 90 90 90 104 102 102 102 102 102 102 102 102 102 102 102 102 102 102 103 90 90 90 90 90 90 90 90
90 90 90 90 90 90 104 102 102 102 102 102 102 102 102 102 102 102 102 102 102 103 90 90 90 90 90 90 90 90
90 90 90 90 90 90 104 102 102 102 102 102 102 102 102 102 102 102 102 102 102 103 90 90 90 90 90 90 90 90
90 90 90 90 90 90 108 105 105 105 105 105 105 105 105 105 105 105 105 105 105 107 90 90 90 90 90 90 90 90
90 90 90 90 90 90 90 90 90 90 90 90 90 90 90 90 90 90 90 90 90 90 90 90 90 90 90 90 90 90
90 90 90 90 90 90 90 90 90 90 90 90 90 90 90 90 90 90 90 90 90 90 90 90 90 90 90 90 90 90
90 90 90 90 90 90 90 90 90 90 90 90 90 90 90 90 90 90 90 90 90 90 90 90 90 90 90 90 90 90